time,x,y,z,phi,theta,psi,x_velocity,y_velocity,z_velocity,phi_velocity,theta_velocity,psi_velocity,rotor_speed1,rotor_speed2,rotor_speed3,rotor_speed4
0.06,-1.2994045533588977e-14,6.254149672253168e-09,5.026169540984712,3.830932055137737e-06,5.170974759494129e-12,0.0,-1.2994045533588976e-12,6.234363826899827e-07,0.8720853864348896,0.00019126498713857142,1.1660298465478853e-10,0.0,-0.001357838500790011,0.005568770197666601,900.0215017433621,900.0292399527061
0.12000000000000001,-3.7344997559374753e-13,3.156164603323972e-07,5.1045682563464245,2.239430516315366e-05,1.2017054018542694e-11,0.0,-1.2202821337460238e-11,1.2924431369217782e-05,1.7403154651967232,0.0005446405057016011,1.0911432059912839e-10,0.0,-0.0007385614594683728,0.03897982035530604,899.9987796707131,900.0130728539106
0.18,-1.6810653915529053e-12,2.332648921164709e-06,5.234834470499184,5.788561459230124e-05,1.8563817150152317e-11,0.0,-3.2767583061225415e-11,6.157336343345552e-05,2.600361428280538,0.0006851366364485639,1.0911432059896914e-10,0.0,0.007470604430627168,0.019248948594527415,900.0009674994291,900.0066396253675
0.23999999999999996,-4.5003365741895175e-12,8.838636168254588e-06,5.416349159693659,9.01768520211732e-05,2.511058028176194e-11,0.0,-6.255660061124678e-11,0.00016295456134809028,3.4479865018444533,0.00024260403248516348,1.091143205988099e-10,0.0,0.03300183093541318,0.0563079715685432,900.0088707578668,899.990948911062
0.3,-9.376970944329142e-12,2.2566137379540243e-05,5.648248851809576,9.632722812913386e-05,3.1657343413371564e-11,0.0,-1.0130092157869262e-10,0.00029655574686183816,4.279290354733095,-0.00017922338291261744,1.0911432059865065e-10,0.0,0.038292959466010947,0.055802572943848154,900.0339379354293,900.0168640746856
0.36000000000000004,-1.683829835879704e-11,4.43005041972119e-05,5.929438510040866,6.552375003554545e-05,3.8204106544981187e-11,0.0,-1.486581498793578e-10,0.000423343072348435,5.090465021131677,-0.0011903679732249565,1.0911432059849141e-10,0.0,0.03310605989496002,0.055430522384372544,900.0344958871779,899.9935848128886
0.4200000000000001,-2.7389463384936158e-11,7.182172826020997e-05,6.258610643072617,6.283146371028162,4.475086967659081e-11,0.0,-2.0423299467820638e-10,0.0004760136184492294,5.878244069529161,-0.0028658406607012573,1.0911432059833216e-10,0.0,0.03012333417149552,0.03060641762708203,900.0526198322488,899.9848479523534
0.48000000000000015,-4.151041936066125e-11,9.745954165403837e-05,6.634272319412984,6.282934800347164,5.129763280820043e-11,0.0,-2.6758280795561394e-10,0.0003407151419200934,6.639718521781328,-0.004880895088420661,1.0911432059817292e-10,0.0,0.0416700516671405,0.02452558259330405,900.0628590860146,899.9813783126484
0.5400000000000001,-5.965353249629944e-11,0.00010575442334060583,7.054769842040577,6.282612130437528,5.7844395939810056e-11,0.0,-3.3823255883077344e-10,-0.00012286539387313346,7.372441923844108,-0.006390842541632423,1.0911432059801367e-10,0.0,0.03839900944836143,0.008487029978807162,900.0598579981278,899.9988541046185
0.6000000000000002,-8.224194469349768e-11,7.33577137775502e-05,7.518315570815221,6.282220441363075,6.439115907141968e-11,0.0,-4.156849697944917e-10,-0.0010278361027276878,8.07439747469562,-0.006804227854157149,1.0911432059785443e-10,0.0,0.05348272962394606,0.022632843864606653,900.0387737360884,900.0221715510361
0.6600000000000003,-1.0966861042130857e-10,-2.773081357965025e-05,8.023014242152659,6.281804231915281,7.09379222030293e-11,0.0,-4.99432825003761e-10,-0.002413251259041277,8.744014011983246,-0.007203377436794786,1.0911432059769518e-10,0.0,0.06097378958364617,0.05037687447232806,900.0274014396903,900.0113815078048
0.7200000000000003,-1.4229630475399783e-10,-0.00022639575175699916,8.566893229067693,6.281387258882635,7.748468533463893e-11,0.0,-5.889790108352422e-10,-0.004278342955549739,9.38028063866226,-0.006446606991742337,1.0911432059753594e-10,0.0,0.038706789565707736,0.008798315179130312,900.0136095777441,900.044377912725
0.7800000000000004,-1.8050265641489966e-10,-0.000550147426336446,9.147928862378318,6.281010416634951,1.1803358290762844e-10,0.0,-6.882876603725089e-10,-0.00657098827315067,9.98250369011145,-0.005950903224503923,1.8091953669299286e-09,0.0,0.0008242771493670088,-0.011128055413283497,900.0145151154493,900.0347059191112
0.8400000000000004,-2.2641496465884436e-10,-0.0010225070554587328,9.764067730512567,6.280639063844614,7.512124255981689e-11,0.0,-8.470906016498962e-10,-0.009225079291696425,10.55038043868723,-0.006670207906422096,-5.7639465284139095e-09,0.0,-0.025466865625528967,-0.00984555045373748,900.0170215755229,899.9880284556357
0.9000000000000005,-2.7726866655618927e-10,-0.0016646506573637068,10.413253068347824,6.280218077269279,6.283185306613383,0.0,-7.664147160967119e-10,-0.012234472488631867,11.08409476457954,-0.00771815160521415,-2.0538323326693063e-08,0.0,-0.03280492523223617,0.013255004676668498,900.0217722158866,899.979488486633
0.9600000000000005,-2.969258720585272e-10,-0.0024988870460081448,11.093448078491466,6.279743751814749,6.283185305105743,0.0,3.2706153697613926e-10,-0.015633565865733227,11.584122095210375,-0.008282669367100762,-3.430540736901713e-08,0.0,-0.03166689257227928,0.011915474597021608,900.0224456370311,899.9997448380037
1.0200000000000005,-1.9870509177147452e-10,-0.0035493456053122792,11.80265066057146,6.27922027076151,6.2831853025308995,0.0,3.295522552061108e-09,-0.019444100228686683,12.05113766988043,-0.00962380105587722,-6.013141654292464e-08,0.0,-0.04337236635680401,0.04382909723910198,900.0377766838002,899.9836488663047
1.0800000000000005,1.633688735009949e-10,-0.004841622417027648,12.53890547521402,6.2786188041117725,6.283185298456855,0.0,9.32832896729701e-09,-0.02370177492222593,12.486018730115722,-0.010838098171099281,-8.343936862775403e-08,0.0,-0.04120372933987551,0.019840921370147604,900.0139519096731,899.9649739460303
1.1400000000000006,1.0115660300245312e-09,-0.00640394792157404,13.3003216599018,6.277967864040811,6.283185293380866,0.0,1.963953151714599e-08,-0.028450011818179643,12.890028816038406,-0.01087081832483138,-8.692071414034475e-08,0.0,-0.019162895522023757,-0.01066001578846551,900.0090834153915,900.0079493504679
1.2000000000000006,2.617282667655917e-09,-0.008265905091280296,14.085081994481392,6.277293043411923,6.283185288958931,0.0,3.450565223444246e-08,-0.03368661410932653,13.264355612056368,-0.012010282088474083,-4.725535888189004e-08,0.0,0.00048637038726525585,-0.053751444591665545,900.0236288480397,899.9776943555689
1.2600000000000007,5.2152584620808665e-09,-0.010456873321109393,14.891446070289552,6.2765443144797,6.283185286263313,0.0,5.2398353628848365e-08,-0.039422437691720456,13.610365666316214,-0.013432819965074692,-4.027014646297316e-08,0.0,-0.040586536130309374,-0.046433485869850216,900.014875376906,899.9574924819449
1.3200000000000007,8.94326689254803e-09,-0.013008018189547834,15.717760349477928,6.275736096932176,6.283185283959684,0.0,7.210221256244058e-08,-0.045697750019128014,13.929582330694227,-0.013545348366962058,-3.46412365267346e-08,0.0,-0.008707689678300712,-0.02204161315488879,899.9930724843485,899.9887343456813
1.3800000000000008,1.3896734211757443e-08,-0.015952006127710562,16.5624579375202,6.274921256383074,6.283185281916824,0.0,9.319586863023815e-08,-0.05251367370865505,14.223368644902981,-0.013651429535696428,-3.2860575817957515e-08,0.0,0.0020320706700365843,-0.011388723598425986,899.9539481931678,899.9498718416526
1.4400000000000008,2.0151219323815402e-08,-0.01932062951675982,17.424063761863547,6.274097990409608,6.28318527994519,0.0,1.1544940815431054e-07,-0.05984930702616672,14.493414891209937,-0.013860814575993025,-3.286057580351609e-08,0.0,0.01781080494992647,0.014695366405552227,899.9680363203938,899.9597787733142
1.5000000000000009,2.7773327419329168e-08,-0.023144560229177373,18.301198796204584,6.2732606816020535,6.283185277973557,0.0,1.3877629282746132e-07,-0.06768880606565476,14.741231423727271,-0.014144494468354807,-3.286057090269323e-08,0.0,0.010197094351996637,-1.8865927010200403e-05,899.9815675038938,899.9703040493413
1.560000000000001,3.6825963386307494e-08,-0.02745375256075561,19.192575708791857,6.272406796035053,6.283185276240287,0.0,1.631135425765148e-07,-0.07602371358319893,14.96836120509198,-0.014405869969879912,-2.094237072197754e-08,0.0,0.02356906049027162,-0.029463871002155195,900.0109906759005,900.0006328168741
1.620000000000001,4.736004372221361e-08,-0.03227769588599907,20.096992473467683,6.271542295320149,6.2831852750171855,0.0,1.8808228920605293e-07,-0.084846095108315,15.176105539788002,-0.014413296705958837,-1.9270444126936218e-08,0.0,-0.0039002062441950147,-0.011704463256776473,899.9905424329424,899.9904673043773
1.680000000000001,5.9402914863698656e-08,-0.03764533120477919,21.013328789633725,6.270671484954438,6.283185274564934,0.0,2.1335668386617503e-07,-0.09414492271329225,15.36588367956929,-0.014714694385075791,1.5928345804789955e-08,0.0,-0.008334428356009574,-0.051316046518959525,899.9851676259652,899.9731911809827
1.740000000000001,7.294762193488208e-08,-0.043585053054097884,21.940549354182206,6.269789995125052,6.283185276030995,0.0,2.379208690881384e-07,-0.10391540184597044,15.539107821375799,-0.014645140332357049,4.144644581846641e-08,0.0,0.017696936589138592,-0.04311303875589263,899.9870577840408,899.990101621991
1.8000000000000012,8.791172966778947e-08,-0.05012497564217338,22.877700777712253,6.268914979246603,6.283185279258078,0.0,2.605009832999413e-07,-0.11414946598716352,15.697095860681493,-0.014460789025987556,7.846115765378651e-08,0.0,0.0014901499520089236,-0.051924419911939426,900.0073129937992,900.0150037197111
1.8600000000000012,1.0413765619194048e-07,-0.05729240741455097,23.823901592162848,6.268043625138688,6.283185284315289,0.0,2.79780762183438e-07,-0.12483037668214872,15.840929158862878,-0.014646422285045728,9.593824945777804e-08,0.0,0.005058829196696871,-0.03567952399402663,899.9982783667962,899.9909890716949
1.9200000000000013,1.2139623654849268e-07,-0.06511397638511633,24.778339220003016,6.267156369069163,6.283185290255094,0.0,2.9484337687854774e-07,-0.13595458519460857,15.971819729963709,-0.015071481589060605,1.0511377480684261e-07,0.0,-0.0016837803851057175,-0.025907119640463872,900.0078151735671,899.9908341603706
1.9800000000000013,1.3942236110280566e-07,-0.07361652599874044,25.74026971971022,6.266227235138075,6.283185296464389,0.0,3.053462864068894e-07,-0.1475325608055203,16.09084428425129,-0.016326912682682472,1.002372450565457e-07,0.0,-0.02750948321415805,-0.02003911352540273,900.032264309394,899.9816688065781
2.0400000000000014,1.5794425536000682e-07,-0.08282817497058949,26.709008969239946,6.265228287952112,6.283185302645489,0.0,3.11407349898123e-07,-0.15959816420357847,16.19892147445289,-0.01730147709187963,1.0858048305017054e-07,0.0,-0.04511291424212324,-0.051409095430639276,900.0097056335877,899.9704878466328
2.1000000000000014,1.766976363917633e-07,-0.09277948717630323,27.683931207924235,6.264196750135813,1.806702343287725e-09,0.0,3.13047881575153e-07,-0.17219206844885343,16.297075796680044,-0.016974817471109755,9.987899066197656e-08,0.0,-0.04546993269246854,-0.03786422518556113,899.9954878530117,900.0089569551333
2.1600000000000015,1.954214187548679e-07,-0.10350242120384107,28.66446594445731,6.263182779429435,7.476897323499543e-09,0.0,3.104974614791296e-07,-0.18531652581842858,16.38612737224285,-0.016749317947911506,8.375176214072659e-08,0.0,-0.03958174021952431,-0.01979923120607167,899.9979242292017,900.0072961572101
2.2200000000000015,2.1388408585218315e-07,-0.11502838121558501,29.650090373577843,6.262173923139386,9.929474131809002e-09,0.0,3.0456418225461757e-07,-0.1989584065305758,16.466845849047168,-0.016944501655559024,-4.487480847255053e-08,0.0,-0.10134686596402476,-0.030034138721520384,899.9984610231477,899.9907998532093
2.2800000000000016,2.3197266307947673e-07,-0.1273883776435913,30.64032883724723,6.261178425030245,4.045729973256584e-09,0.0,2.988179982168576e-07,-0.21311753656528426,16.54003226552208,-0.01589504902670668,-2.0443783145048795e-07,0.0,-0.10780790207332461,0.012231405920810534,899.9858046225766,900.028535030699
2.3400000000000016,2.4986907488119085e-07,-0.14061282567019262,31.63474552957054,6.260232719591864,6.283185295691009,0.0,2.9907725275848326e-07,-0.22776800260827815,16.606217575304505,-0.015496483894702444,-3.6783992135913283e-07,0.0,-0.10909711634395419,0.01880260655506221,899.966674065613,899.9830471196437
2.4000000000000017,2.681182778821201e-07,-0.15473044239393155,32.63294269183059,6.259320234121823,6.283185271886673,0.0,3.1141699107384805e-07,-0.24288727266670845,16.66613581454318,-0.014637423024692228,-4.5453684368555874e-07,0.0,-0.07946690748036248,0.03695319768506168,899.9580599914193,899.9930745915699
2.4600000000000017,2.8758271400990085e-07,-0.16976862025393125,33.634559552210106,6.25845597280993,6.283185243876103,0.0,3.3999474639705143e-07,-0.2584489337706591,16.72028899811283,-0.013942217428752162,-4.914548240478624e-07,0.0,-0.051856529853708457,0.014885207518104316,899.9410335017234,899.9694084108522
2.520000000000002,3.0929947540194323e-07,-0.18575315985080876,34.639269424327054,6.25763111462947,6.283185214351629,0.0,3.8663207557507536e-07,-0.27442924204435143,16.76930917595602,-0.013361259648295891,-4.933140541413929e-07,0.0,-0.011637278159962862,0.013629666397185365,899.9566790019994,899.9804222626593
2.580000000000002,3.343661979186557e-07,-0.20270853517141355,35.64677851029704,6.256843892095931,6.283185185220297,0.0,4.5161190900794395e-07,-0.29080721491560957,16.813662850644338,-0.012642871810408534,-4.6993865252481793e-07,0.0,0.018737604331339253,-0.04126330197456752,899.9657851250063,899.9950869913006
2.640000000000002,3.638643834448104e-07,-0.22065792544793486,36.65681796668085,6.256090462953356,6.283185157130308,0.0,5.342040906532731e-07,-0.3075600573488525,16.853716687105738,-0.012386248500355256,-4.6462220714701104e-07,0.0,0.048698351681694056,-0.01967863747851139,899.9666914908256,899.9772914862916
2.700000000000002,3.9882926400242903e-07,-0.23962340454466738,37.669142582963985,6.255362975076782,6.283185129252976,0.0,6.337864375461568e-07,-0.3246755321520864,16.88989087111042,-0.011606914190337934,-4.6462220425992714e-07,0.0,0.053507633767477095,0.009350721817972432,899.9545308735699,899.9862911174715
2.760000000000002,4.402728071497393e-07,-0.2596262900391038,38.683531055775354,6.254667716899508,6.2831851013756435,0.0,7.501394001027138e-07,-0.34213723720525746,16.922562680170202,-0.011549104898235085,-4.6462220137284323e-07,0.0,0.05890536112686821,0.004080435022408276,899.9727217954601,899.9752617570514
2.820000000000002,4.891970349518166e-07,-0.2806869664519708,39.699781357359704,6.253977430041935,6.283185073498311,0.0,8.831256349492186e-07,-0.3599355047137288,16.95199890389777,-0.01141627213713268,-4.6462219848575944e-07,0.0,0.06661781301614052,0.005578855431082614,899.9555839040038,899.9611607520391
2.880000000000002,5.46597450470071e-07,-0.30282573624243697,40.71771182695731,6.253311025003686,6.283185045620979,0.0,1.0326649137012228e-06,-0.3780728180508957,16.978609462355067,-0.010494727018556168,-4.646221955986757e-07,0.0,0.04152352336175432,0.02025987239396472,899.9580522651689,899.9955594026092
2.940000000000002,6.134645305078796e-07,-0.32606244722098987,41.73716070255167,6.252718264836055,6.283185017743646,0.0,1.1986693835133632e-06,-0.39652822292355633,17.002650032056255,-0.008675992257753192,-4.6462219271159195e-07,0.0,0.04146585208256626,0.01476269648120378,899.9552863436361,900.0291045153518
3.000000000000002,6.907835794080765e-07,-0.3504147309088039,42.75797972138631,6.252235125021098,6.283184989866314,0.0,1.3810541900701905e-06,-0.4152492484997827,17.024315823673575,-0.006833157774799165,-4.646221898245082e-07,0.0,0.03376762958497134,0.008313490479195084,899.9552163972952,900.0299852480348
3.0600000000000023,7.795350800030169e-07,-0.3758965957556615,43.78003165716596,6.251847414087637,6.283184961988981,0.0,1.5797432807467408e-06,-0.43417230820818653,17.043779791277657,-0.00572928595448155,-4.6462218693742447e-07,0.0,0.025586633036067532,0.034820536557462124,899.9540380252015,899.9988628519353
3.1200000000000023,8.806970296858189e-07,-0.40251882027873886,44.803194338862404,6.251511018498384,6.283184934112267,0.0,1.7947294565308951e-06,-0.45325662247184173,17.061368419923824,-0.005362294915160003,-4.6459130219518394e-07,0.0,0.0436100478112066,-0.0014998097017069612,899.9901961324248,900.0051698345407
3.1800000000000024,9.952456901546173e-07,-0.4302903983401253,45.82735956831437,6.251177447978613,6.283184906236789,0.0,2.025961866500117e-06,-0.47248366722084467,17.077223693575075,-0.005956939728462418,-4.6459129930848406e-07,0.0,0.035539199471787186,0.045783838354670994,900.0193432035718,899.9953806051813
3.2400000000000024,1.124154772174935e-06,-0.4592201507856959,46.85242798291756,6.250806943035892,6.283184878361311,0.0,2.2734063720706124e-06,-0.4918663475943131,17.091497915460568,-0.006615037335403938,-4.645912964217843e-07,0.0,0.030483214561018504,0.040192076200494975,900.0264018024684,899.9998807825212
3.3000000000000025,1.2683963544918224e-06,-0.4893182299816171,47.8783093656001,6.250395014542024,6.283184850485833,0.0,2.5370423498671773e-06,-0.5114320947015617,17.104343661039916,-0.007371181112235116,-4.6459129353508457e-07,0.0,0.0468931814156113,0.04468115665352451,900.0350603558704,900.004581147131
3.3600000000000025,1.4289417314872223e-06,-0.5205965235803027,48.90492278519639,6.2499383250390075,6.283184822610355,0.0,2.816864066931503e-06,-0.5312113591830133,17.11591779982567,-0.00809655825927709,-4.6459129064838485e-07,0.0,0.020170342950264864,0.03030161462169431,900.0480948792381,900.0188734503445
3.4200000000000026,1.60676026169498e-06,-0.5530686394713973,49.93219265049226,6.249449006330993,6.283184794734877,0.0,3.1128129690059762e-06,-0.5512300585497594,17.126243499828902,-0.008273092760789254,-4.6459128776168513e-07,0.0,0.026943624859677835,0.08274175379502069,900.0198494793474,900.0128573131383
3.4800000000000026,1.8028197654128989e-06,-0.586749516034129,50.96004846706133,6.249000293145894,6.283184766859399,0.0,3.4248958405944115e-06,-0.5715024494996153,17.13546577464183,-0.005934838757551856,-4.6459128487498546e-07,0.0,0.012255450319127455,0.06364419296982178,899.9604565659068,900.055274723255
3.5400000000000027,2.018089190473616e-06,-0.6216533249796986,51.988429138108216,6.2487035523387195,6.2831847389839215,0.0,3.753143223663676e-06,-0.5919819250221321,17.143752816350855,-0.003037051723506875,-4.645912819882859e-07,0.0,0.04986143541066196,0.02973840561081144,899.9605344850127,900.0779636204519
3.6000000000000028,2.253537855681599e-06,-0.657789722630676,53.017280427234596,6.248581193584716,6.283184711108444,0.0,4.097537288049548e-06,-0.6125738393978613,17.15116653821469,-0.00011466339899970012,-4.6459127910158634e-07,0.0,0.04221156468099625,0.0039411150557413345,899.9619209653227,900.0802887988059
3.660000000000003,2.5101338044292493e-06,-0.6951624059490339,54.04655123417135,6.248612265227635,6.283184683232966,0.0,4.458053401862984e-06,-0.6331775614355163,17.157749765851317,0.0017540432749454083,-4.645912762148868e-07,0.0,0.0617786494524885,0.012077944418774288,899.9709723836417,900.0466222336297
3.720000000000003,2.7888447365361485e-06,-0.7337696619976751,55.07619465315434,6.248765742988699,6.283184655357491,0.0,4.834704394234052e-06,-0.6537165337052889,17.163598527985943,0.004119444345027611,-4.645912733281872e-07,0.0,0.03661975355473977,0.023990698383738164,899.9526057923377,900.0483227596593
3.780000000000003,3.090640019291803e-06,-0.7736055215261642,56.106170534214854,6.249055374192533,6.283184627482019,0.0,5.227532737204483e-06,-0.6741194238621488,17.16884172329977,0.0062065794490571945,-4.6459127044148777e-07,0.0,0.03815771219025929,0.0234857248385604,899.9670448289982,900.0514499112713
3.840000000000003,3.4164894485951525e-06,-0.814659534866561,57.13644289960361,6.249454302776526,6.283184599606546,0.0,5.636510819261219e-06,-0.6943120768487027,17.173491138814185,0.007519033048009861,-4.6459126755478837e-07,0.0,0.014594336656301433,0.021799179426249777,899.974938671007,900.0279466905769
3.900000000000003,3.7673637688045403e-06,-0.8569175080377825,58.16698007824602,6.249914461088981,6.2831845717310735,0.0,6.0616970039624956e-06,-0.7142459362898317,17.177676583719396,0.007968205605492147,-4.6459126466808896e-07,0.0,0.011539970566707955,0.013573758649245036,900.0060306681894,900.0240688076881
3.960000000000003,4.144235109620121e-06,-0.900363080013977,59.1977548723692,6.250405737039266,6.2831845438694955,0.0,6.503079067336919e-06,-0.7338967803578909,17.18141896223943,0.008623856530237292,-4.6389648000724616e-07,0.0,0.011528725649426669,-0.007113915075539132,900.0064169037591,900.0328071983424
4.020000000000002,4.5480732033054596e-06,-0.9449786983283476,60.2287396079534,6.250970570326292,6.283184516092755,0.0,6.960585495890548e-06,-0.7532431863106317,17.184682683756854,0.010949065894684128,-4.6104408001033585e-07,0.0,0.02284149000554757,-0.014414164107487793,899.9507229902555,900.044696379949
4.080000000000001,4.979845598297418e-06,-0.9907446869772406,61.259909101691925,6.251690706142954,6.283184488428663,0.0,7.434212115597049e-06,-0.772230310545183,17.187584495142577,0.014029748199467593,-4.611164582641978e-07,0.0,-0.026876633962473775,-0.02677837235967459,899.9336152714567,900.0581469547445
4.14,5.440518593753075e-06,-1.0376367619955253,62.291242921019105,6.252600103085037,6.28318446046886,0.0,7.92395443403798e-06,-0.7907639439769385,17.190166961828165,0.017320250336017275,-4.757572583838133e-07,0.0,-0.03267394141923087,-0.001073694433981781,899.9264468633526,900.0594467942557
4.199999999999998,5.931067666715535e-06,-1.0856245381906255,63.32272349776561,6.253690597010369,6.283184431790833,0.0,8.430153854773596e-06,-0.8087381744476398,17.192482658905522,0.0198316870998864,-4.823868628020501e-07,0.0,-0.027865906741188363,-0.017135030374558526,899.9418920280501,900.0433313644671
4.259999999999997,6.452493049775567e-06,-1.1346715800112288,64.3543360710686,6.254945549071099,6.2831844011904785,0.0,8.953268930381852e-06,-0.8260600251275995,17.19457251857775,0.023000562195042238,-5.652439289112692e-07,0.0,-0.08184812707284655,-0.02576472203278429,899.9285188916559,900.0565713718408
4.319999999999996,7.005855971559047e-06,-1.1847358955839618,65.38606619397858,6.256366413088035,6.2831843663502625,0.0,9.495144919090691e-06,-0.8426329749794519,17.196407486455673,0.02500845564644901,-6.11522997406961e-07,0.0,-0.06017751133263358,-0.0158231786125504,899.9306033027785,900.0116517552315
4.379999999999995,7.5923502787460825e-06,-1.2357700452676734,66.41789937220531,6.257913012431256,6.283184329301534,0.0,1.0057869746439056e-05,-0.8583781809212672,17.198013597662733,0.027270365567909006,-6.293904127033765e-07,0.0,-0.03903943661383708,-0.014920379240646753,899.8992933253543,899.9906366372488
4.439999999999993,8.213266309786702e-06,-1.2877224649634424,67.44982808541684,6.259581096421741,6.283184291229972,0.0,1.0642629167679128e-05,-0.8732318176600703,17.19959499099893,0.028842806418697034,-6.447972777876249e-07,0.0,-0.03349975898269585,0.0015759017466068532,899.9398459339075,900.0032807510343
4.499999999999992,8.869940132758456e-06,-1.3405377633753706,68.4818475227007,6.261322196247615,6.2831842524586445,0.0,1.1249870151693989e-05,-0.8871345294558234,17.201042133877287,0.029367065175413817,-6.489718104141868e-07,0.0,-0.017496656057570618,-0.0014353788728804263,899.9468317736305,899.9678344073176
4.559999999999991,9.563734525218558e-06,-1.3941580499377284,69.51395334474297,6.263077687716086,6.283184213500839,0.0,1.1880002200291395e-05,-0.9000634756463577,17.202476492061084,0.02903956403033661,-6.499466705974517e-07,0.0,-0.017818869061975072,-0.01570041503537851,899.9801300126293,899.9666461290062
4.6199999999999894,1.0296026632566459e-05,-1.4485249475691861,70.54614574007446,6.264797676668616,6.283184174562354,0.0,1.2533129941078483e-05,-0.9120244204887156,17.203928876535233,0.027909728772954234,-6.470308173227833e-07,0.0,0.026743673165009266,-0.014573601184548047,900.0187274557385,899.9727532502621
4.679999999999988,1.1068191528293464e-05,-1.5035811616859862,71.57842254300364,6.2664457725637845,6.283184135759161,0.0,1.3209083241146277e-05,-0.9230470384677962,17.20529208635438,0.026570435754083865,-6.460980467914497e-07,0.0,0.026328458268027294,-0.008242720489845668,900.0098040224731,899.9553399386971
4.739999999999987,1.1881601773341248e-05,-1.5592718159205479,72.6107828336078,6.26800400189132,6.283184096993274,0.0,1.3907970483097463e-05,-0.9331798520028103,17.206711244971277,0.024742806189164933,-6.460980412085949e-07,0.0,0.013747360292553402,0.018868492098569056,900.049034442171,899.974791903401
4.799999999999986,1.2737630675653586e-05,-1.6155451484965113,73.64322799135329,6.269463785868572,6.283184058238284,0.0,1.4629704630659564e-05,-0.9424785973580524,17.208121015149114,0.023490538085931694,-6.455534471674034e-07,0.0,0.0012245326880353598,-0.006298232440615947,900.0475298760567,899.9965772867057
4.859999999999984,1.3637641273833126e-05,-1.6723526405748108,74.67575148946177,6.270850146597468,6.283184019535126,0.0,1.537402608091413e-05,-0.9509916388944926,17.209325768107583,0.022325662368018417,-6.440509504502704e-07,0.0,0.011160999098730901,-0.010461414945255813,899.9932789114387,899.94585923562
4.919999999999983,1.4582994144593867e-05,-1.7296484850843945,75.70834632632902,6.272171035095077,6.283183980892069,0.0,1.614110762317053e-05,-0.9587627923270312,17.210499444032365,0.02138573991765752,-6.440509449027369e-07,0.0,0.006421941211950186,0.016737009495385948,899.9852697991342,899.946957395078
4.979999999999982,1.5575055108315825e-05,-1.7873892475376774,76.74101142125235,6.27346636327545,6.283183942249012,0.0,1.693096290284191e-05,-0.9658257611412405,17.211668002732466,0.0219918679012951,-6.440509393552037e-07,0.0,0.024499071661411916,0.012572154816897135,899.9576979204206,899.9819859894955
5.0399999999999805,1.661518936383497e-05,-1.8455326256609412,77.77374557060399,6.274781374807823,6.283183903605956,0.0,1.7743552607586612e-05,-0.9721811680283355,17.212802832011395,0.021766417576088853,-6.440509338076705e-07,0.0,0.058303587705162946,0.022841847268456734,899.9674941498322,899.9581111213014
